
sequential 51 std
C:\Users\cekvi\PycharmProjects\DataStructures\venv\Scripts\python.exe C:/Users/cekvi/PycharmProjects/DataStructures/splay_experiment/splay_experiment.py sequential 51 std
100 3.637729549248748
200 3.6688907422852375
300 3.7515286270150083
400 3.7761567319716547
500 3.790930310103368
600 3.8063350930814117
700 3.798285306025244
800 3.802667222337987
900 3.8097795888127433
1000 3.8121353558926487
1100 3.83830883467192
1200 3.826781497430199
1300 3.829849980766765
1400 3.8300988212882485
1500 3.833648183131459
1600 3.8252943014897385
1700 3.8306696734974017
1800 3.8298916566348735
1900 3.8353364330204402
2000 3.835236269689141
2100 3.8303833637590285
2200 3.8335479960603074
2300 3.8349880426117835
2400 3.835613584276686
2500 3.8315221014734315
2600 3.831591768703122
2700 3.8365948515340453
2800 3.8358830882790644
2900 3.8375193976665325
3000 3.8329351630646147

sequential 51 naive
C:\Users\cekvi\PycharmProjects\DataStructures\venv\Scripts\python.exe C:/Users/cekvi/PycharmProjects/DataStructures/splay_experiment/splay_experiment.py sequential 51 naive
100 42.31051752921536
200 83.98165137614679
300 125.64980544747081
400 167.31721550646103
500 208.98432810936978
600 250.65129202556267
700 292.3181709930936
800 333.98499687434884
900 375.65178736803114
1000 417.318553092182
1100 458.985300803152
1200 500.6520350048618
1300 542.3187588152327
1400 583.9854744612454
1500 625.6521835759529
1600 667.3188873841025
1700 708.9855868222375
1800 750.652282618761
1900 792.3189753487148
2000 833.9856654721227
2100 875.6523533613779
2200 917.3190393211607
2300 958.9857236031596
2400 1000.6524064171123
2500 1042.319087939196
2600 1083.9857683184819
2700 1125.6524476819557
2800 1167.3191261384607
2900 1208.9858037818265
3000 1250.652480693372

random 51 std
C:\Users\cekvi\PycharmProjects\DataStructures\venv\Scripts\python.exe C:/Users/cekvi/PycharmProjects/DataStructures/splay_experiment/splay_experiment.py random 51 std
256 8.510097719869707
304 8.978606692265496
362 9.379548595117457
430 9.677394338891043
512 10.048518397915988
608 10.436248971757609
724 10.753166014275847
861 11.122749273959341
1024 11.504313853166206
1217 11.816600465689632
1448 12.237251064809486
1722 12.517955667408769
2048 12.922763896801497
2435 13.280922718871928
2896 13.638561151079136
3444 14.015147848811885
4096 14.394547304170905
4870 14.716725418392143
5792 15.05219993669247
6888 15.441430541776562
8192 15.810298874895729
9741 16.17438617503636
11585 16.533902084622135
13777 16.895416218047206
16384 17.253196748827605
19483 17.633557747418667
23170 17.98949064516361
27554 18.351142914174073
32768 18.721484992904628
38967 19.087711344262857
46340 19.44307812932718
55108 19.803337093637627

random 51 naive
C:\Users\cekvi\PycharmProjects\DataStructures\venv\Scripts\python.exe C:/Users/cekvi/PycharmProjects/DataStructures/splay_experiment/splay_experiment.py random 51 naive
256 8.256677524429968
304 8.645090510148108
362 9.027637033625057
430 9.33229934082978
512 9.690003256268316
608 10.027419797093502
724 10.334331107529358
861 10.698547918683447
1024 11.07634706169624
1217 11.386385426653883
1448 11.73972602739726
1722 12.057206465976188
2048 12.42874582892488
2435 12.768225066739681
2896 13.11441726618705
3444 13.47582635628902
4096 13.819613428280773
4870 14.124439576987577
5792 14.483122787833443
6888 14.834345585210636
8192 15.180769465524607
9741 15.52478398494311
11585 15.85875210404408
13777 16.212204062375243
16384 16.55483555944376
19483 16.907901828105086
23170 17.249728454383934
27554 17.608233579114824
32768 17.95209224493533
38967 18.298437560147306
46340 18.64335219159902
55108 18.990182883861035

subset 51 std
C:\Users\cekvi\PycharmProjects\DataStructures\venv\Scripts\python.exe C:/Users/cekvi/PycharmProjects/DataStructures/splay_experiment/splay_experiment.py subset 51 std
10 256 2.5223
10 304 2.5351
10 362 2.5261
10 430 2.5059
10 512 2.523
10 608 2.5199
10 724 2.5101
10 861 2.5116
10 1024 2.5191
10 1217 2.5158
10 1448 2.4664
10 1722 2.5179
10 2048 2.5095
10 2435 2.4879
10 2896 2.5124
10 3444 2.5397
10 4096 2.5197
10 4870 2.5398
10 5792 2.5239
10 6888 2.5382
10 8192 2.5269
10 9741 2.4946
10 11585 2.5273
10 13777 2.4864
10 16384 2.5159
10 19483 2.5342
10 23170 2.516
10 27554 2.523
10 32768 2.5245
10 38967 2.5184
10 46340 2.5392
10 55108 2.5148
100 256 6.735
100 304 6.7608
100 362 6.7362
100 430 6.7425
100 512 6.733
100 608 6.7118
100 724 6.7376
100 861 6.7506
100 1024 6.7736
100 1217 6.7497
100 1448 6.7521
100 1722 6.7552
100 2048 6.7483
100 2435 6.764
100 2896 6.7756
100 3444 6.7735
100 4096 6.7832
100 4870 6.7495
100 5792 6.8333
100 6888 6.8028
100 8192 6.8231
100 9741 6.811
100 11585 6.7985
100 13777 6.7939
100 16384 6.7836
100 19483 6.8147
100 23170 6.8629
100 27554 6.8321
100 32768 6.8145
100 38967 6.8814
100 46340 6.8065
100 55108 6.8849
1000 1024 11.432
1000 1217 11.4449
1000 1448 11.5315
1000 1722 11.5564
1000 2048 11.6011
1000 2435 11.5843
1000 2896 11.6182
1000 3444 11.6968
1000 4096 11.6933
1000 4870 11.6541
1000 5792 11.6804
1000 6888 11.6218
1000 8192 11.6211
1000 9741 11.7745
1000 11585 11.7958
1000 13777 11.8227
1000 16384 11.9254
1000 19483 12.0807
1000 23170 12.0898
1000 27554 12.1124
1000 32768 12.167
1000 38967 12.1684
1000 46340 12.2022
1000 55108 12.2517

subset 51 naive
C:\Users\cekvi\PycharmProjects\DataStructures\venv\Scripts\python.exe C:/Users/cekvi/PycharmProjects/DataStructures/splay_experiment/splay_experiment.py subset 51 naive
10 256 2.4538
10 304 2.4782
10 362 2.4693
10 430 2.4519
10 512 2.4639
10 608 2.4578
10 724 2.4537
10 861 2.4513
10 1024 2.4599
10 1217 2.4668
10 1448 2.416
10 1722 2.4666
10 2048 2.454
10 2435 2.4257
10 2896 2.4571
10 3444 2.4734
10 4096 2.4664
10 4870 2.4796
10 5792 2.451
10 6888 2.4833
10 8192 2.4687
10 9741 2.4277
10 11585 2.4605
10 13777 2.4448
10 16384 2.4391
10 19483 2.4737
10 23170 2.4609
10 27554 2.465
10 32768 2.4638
10 38967 2.462
10 46340 2.4777
10 55108 2.4554
100 256 6.5169
100 304 6.539
100 362 6.5142
100 430 6.5151
100 512 6.518
100 608 6.4858
100 724 6.5462
100 861 6.5336
100 1024 6.5594
100 1217 6.5327
100 1448 6.5656
100 1722 6.5688
100 2048 6.5355
100 2435 6.5553
100 2896 6.5776
100 3444 6.5389
100 4096 6.5757
100 4870 6.5358
100 5792 6.6194
100 6888 6.5954
100 8192 6.5838
100 9741 6.5816
100 11585 6.5681
100 13777 6.5757
100 16384 6.5724
100 19483 6.5869
100 23170 6.6324
100 27554 6.6062
100 32768 6.5908
100 38967 6.6458
100 46340 6.5869
100 55108 6.6391
1000 1024 11.0386
1000 1217 11.0756
1000 1448 11.1634
1000 1722 11.192
1000 2048 11.2243
1000 2435 11.2385
1000 2896 11.257
1000 3444 11.3167
1000 4096 11.3643
1000 4870 11.3759
1000 5792 11.4182
1000 6888 11.458
1000 8192 11.5656
1000 9741 11.5844
1000 11585 11.5946
1000 13777 11.9343
1000 16384 12.0493
1000 19483 12.0057
1000 23170 11.6993
1000 27554 11.644
1000 32768 11.7082
1000 38967 11.7444
1000 46340 11.7558
1000 55108 11.8016
